
1498.946533 1497.443848 1450.076538 1484.351807 1462.031128 1471.478149 8 8 8 -0.998470 -0.570437 -13233.248243 -32109.125444 -24120.078869 
1497.829468 1494.802856 1400.158813 1468.166626 1423.765747 1443.660767 8 8 8 -0.998354 -0.556347 -13133.866260 -31051.453041 -22573.168335 
1496.653564 1492.082520 1350.246704 1451.515015 1385.245728 1416.477539 8 8 8 -0.998242 -0.543665 -12943.059119 -29941.163027 -21129.184731 
1495.424194 1489.289917 1300.339844 1434.462646 1346.511353 1389.853027 8 8 8 -0.998136 -0.532489 -12673.660658 -28788.209050 -19787.842612 
1494.147461 1486.433594 1250.437866 1417.070679 1307.602173 1363.707397 8 8 8 -0.998040 -0.522912 -12337.831007 -27602.129332 -18547.658059 
1492.830200 1483.523682 1200.540039 1399.396240 1268.557373 1337.956299 8 8 8 -0.997957 -0.515021 -11946.887932 -26391.912107 -17406.144770 
1491.479980 1480.571777 1150.645508 1381.492554 1229.416382 1312.511353 8 8 8 -0.997890 -0.508899 -11511.231290 -25165.869003 -16359.961527 
1490.104736 1477.590820 1100.753418 1363.410034 1190.219604 1287.279785 8 8 8 -0.997842 -0.504632 -11040.271879 -23931.563892 -15405.119103 
1488.713135 1474.594971 1050.862671 1345.196167 1151.008911 1262.164551 8 8 8 -0.997815 -0.502305 -10542.436021 -22695.758971 -14537.104113 
1487.314209 1471.599731 1000.972046 1326.896729 1111.828735 1237.063965 8 8 8 -0.997812 -0.502012 -10025.147555 -21464.390987 -13751.049095 
1485.917236 1468.621338 951.080383 1308.555908 1072.726929 1211.871460 8 8 8 -0.997833 -0.503849 -9494.865796 -20242.566916 -13041.851129 
1484.582642 1465.785278 901.178711 1290.217407 1033.756104 1186.475220 8 8 16 -0.998033 -0.507924 -8957.120375 -19034.586453 -12404.303712 
1481.968628 1460.243164 851.555603 1271.926270 994.976074 1160.754761 16 16 16 -0.992462 -0.514410 -8415.548038 -17842.231000 -11833.697192 
1479.400757 1454.811035 801.917908 1253.699585 956.418945 1134.656250 16 16 16 -0.992753 -0.521971 -7900.385790 -16712.634996 -11312.436568 
1476.896484 1449.522217 752.261536 1235.583618 918.159485 1108.047607 16 16 16 -0.993128 -0.532174 -7385.226853 -15596.970413 -10847.368889 
1474.472534 1444.409180 702.582764 1217.628296 880.284241 1080.788208 16 16 16 -0.993576 -0.545187 -6872.735250 -14497.470510 -10434.027852 
1472.144897 1439.503174 652.878479 1199.889160 842.894653 1052.728638 16 16 16 -0.994085 -0.561192 -6365.031062 -13415.838740 -10068.123582 
1469.928345 1434.833618 603.146362 1182.428955 806.110901 1023.709717 16 16 16 -0.994642 -0.580379 -5863.724745 -12353.257270 -9745.566647 
1467.836548 1430.427734 553.384827 1165.320557 770.076599 993.562866 16 16 16 -0.995231 -0.602937 -5369.986346 -11310.440609 -9462.500898 
1465.881592 1426.310303 503.593018 1148.649414 734.964722 962.110840 16 16 16 -0.995836 -0.629040 -4884.586990 -10287.635687 -9215.316601 
1464.074219 1422.503296 453.770935 1132.517212 700.984558 929.170044 16 16 16 -0.996442 -0.658816 -4407.943549 -9284.679788 -9000.684317 
1462.423706 1419.026123 403.919312 1117.045776 668.389709 894.554871 16 16 16 -0.997033 -0.692304 -3940.155978 -8301.012175 -8815.537159 
1460.937988 1415.895264 354.039551 1102.381470 637.487183 858.085815 16 16 16 -0.997595 -0.729381 -3481.054733 -7335.718044 -8657.111802 
1459.623657 1413.124756 304.133667 1088.699219 608.645630 819.602539 16 16 16 -0.998118 -0.769665 -3030.232301 -6387.564716 -8522.922406 
1458.486084 1410.725952 254.204193 1076.205322 582.301331 778.983826 16 16 16 -0.998589 -0.812374 -2587.071811 -5455.035251 -8410.784166 
1457.529419 1408.708252 204.254074 1065.137451 558.957336 736.175415 16 16 16 -0.999002 -0.856168 -2150.786420 -4536.359756 -8318.798878 
1456.757080 1407.078979 154.286591 1055.758423 539.170532 691.225281 16 16 16 -0.999350 -0.899003 -1720.437697 -3629.561960 -8245.366717 
1456.171631 1405.843628 104.305283 1048.341309 523.519836 644.320679 16 16 16 -0.999626 -0.938092 -1294.972764 -2732.485749 -8189.167343 
1455.774780 1405.006226 54.313873 1043.143677 512.551208 595.816284 16 16 16 -0.999828 -0.970087 -873.243204 -1842.832057 -8149.182753 
1455.567871 1404.569458 4.316208 1040.373047 506.703949 546.236694 16 16 16 -0.999953 -0.991591 -454.028292 -958.200289 -8124.672425 
1455.555298 1404.430786 -45.683598 1040.150879 506.235046 496.239380 16 84 84 -0.999996 -0.999946 -36.063852 -76.108407 -8115.180767 

1492.535034 1481.887085 1453.997803 1484.351807 1462.031128 1471.478149 84 84 84 -0.920043 -0.570437 -13233.248243 -32109.125444 -24120.078869 
1484.551758 1463.004028 1408.394165 1468.086426 1423.557983 1443.996338 84 84 84 -0.912074 -0.549637 -13415.069321 -31731.175430 -22665.951789 
1476.062500 1443.356934 1363.206543 1451.264648 1384.626831 1417.512573 84 84 84 -0.903753 -0.529676 -13519.547566 -31288.737459 -21284.857592 
1467.080688 1422.957764 1318.449341 1433.941284 1345.282349 1391.979980 84 84 84 -0.895143 -0.510653 -13554.066295 -30783.607708 -19977.074694 
1457.621338 1401.824707 1274.133301 1416.164795 1305.567871 1367.347534 84 84 84 -0.886321 -0.492648 -13525.740631 -30217.762525 -18742.208511 
1447.700317 1379.981934 1230.264526 1397.977417 1265.525146 1343.561035 84 84 84 -0.877375 -0.475731 -13441.281745 -29593.330793 -17579.293038 
1437.334717 1357.460083 1186.844238 1379.415283 1225.194580 1320.563354 84 84 84 -0.868406 -0.459954 -13306.967316 -28912.578104 -16486.820102 
1426.542358 1334.296387 1143.867920 1360.508789 1184.615356 1298.295166 84 84 84 -0.859527 -0.445364 -13128.564384 -28177.881717 -15462.854087 
1415.341797 1310.534180 1101.324951 1341.282349 1143.825806 1276.695312 84 84 84 -0.850859 -0.431997 -12911.287288 -27391.729491 -14505.099408 
1403.752563 1286.223145 1059.198242 1321.755249 1102.863281 1255.701050 84 84 84 -0.842535 -0.419886 -12659.798783 -26556.734538 -13610.985219 
1391.794556 1261.419067 1017.463806 1301.941650 1061.764648 1235.247925 84 84 84 -0.834689 -0.409062 -12378.178184 -25675.653307 -12777.744708 
1379.488647 1236.183716 976.090576 1281.851562 1020.566650 1215.270142 84 84 84 -0.827464 -0.399556 -12069.944162 -24751.406341 -12002.479493 
1366.856445 1210.584717 935.040344 1261.490845 979.305847 1195.700073 84 84 84 -0.821004 -0.391401 -11738.064122 -23787.109579 -11282.242690 
1353.921021 1184.695557 894.267517 1240.862183 938.019165 1176.468140 84 84 84 -0.815457 -0.384639 -11384.982676 -22786.103758 -10614.096114 
1340.706909 1158.595337 853.719177 1219.965454 896.744324 1157.502075 84 84 84 -0.810967 -0.379321 -11012.664599 -21751.978143 -9995.159406 
1327.241211 1132.369507 813.335022 1198.798706 855.520020 1138.726440 84 84 84 -0.807683 -0.375513 -10622.618137 -20688.577803 -9422.645902 
1313.553955 1106.109619 773.047607 1177.359131 814.386658 1120.061279 84 84 84 -0.805748 -0.373303 -10215.951482 -19600.009677 -8893.913133 
1297.121216 1075.083496 737.447876 1155.643799 773.386719 1101.421265 84 84 12 -0.711995 -0.372800 -9793.431897 -18490.649557 -8406.482598 
1293.778442 1068.890747 687.945618 1133.578125 732.508850 1082.925171 12 12 12 -0.990046 -0.369921 -9474.976284 -17552.867633 -7942.169716 
1290.585693 1063.025391 638.393555 1111.537842 692.020081 1063.563110 12 12 12 -0.991041 -0.387241 -8710.111331 -16000.791177 -7651.700109 
1287.565430 1057.520264 588.789429 1089.582764 652.002563 1043.152954 12 12 12 -0.992083 -0.408202 -7966.714519 -14520.909221 -7406.096664 
1284.737061 1052.402222 539.132568 1067.785767 612.560364 1021.491882 12 12 12 -0.993138 -0.433222 -7245.037682 -13110.092850 -7199.869815 
1282.116821 1047.692139 489.423920 1046.237549 573.827026 998.353149 12 12 12 -0.994173 -0.462774 -6544.891409 -11764.547392 -7027.964771 
1279.717529 1043.405518 439.665833 1025.052246 535.976257 973.483459 12 12 12 -0.995162 -0.497393 -5865.678140 -10479.930093 -6885.784171 
1277.549194 1039.552612 389.861694 1004.375977 499.236145 946.601196 12 12 12 -0.996083 -0.537645 -5206.446579 -9251.444631 -6769.166350 
1275.619019 1036.139526 340.015686 984.397827 463.908783 917.397583 12 12 12 -0.996920 -0.584072 -4565.938472 -8073.953970 -6674.392712 
1273.931885 1033.168823 290.132538 965.364624 430.395752 885.544556 12 12 12 -0.997663 -0.637060 -3942.617387 -6942.035697 -6598.175675 
1272.490723 1030.640625 240.217300 947.599121 399.229736 850.715454 12 12 12 -0.998305 -0.696582 -3334.720212 -5850.091913 -6537.674962 
1271.297241 1028.553345 190.275146 931.518921 371.107697 812.628967 12 12 12 -0.998843 -0.761729 -2740.279768 -4792.374337 -6490.446702 
1270.352051 1026.904541 140.311279 917.649170 346.912720 771.129211 12 12 12 -0.999277 -0.829996 -2157.173204 -3763.058182 -6454.479563 
1269.655273 1025.691528 90.330856 906.610779 327.694824 726.309265 12 12 12 -0.999609 -0.896399 -1583.144417 -2756.259796 -6428.145460 
1269.206787 1024.911865 40.338943 899.059448 314.566559 678.658203 12 12 12 -0.999838 -0.953022 -1015.835812 -1766.066422 -6410.205969 
1269.006592 1024.564087 -9.659443 895.556763 308.482300 629.153503 12 12 12 -0.999968 -0.990094 -452.817015 -786.552351 -6399.794197 

1498.452393 1496.244873 1450.165283 1484.351807 1462.031128 1471.478149 12 12 12 -0.996695 -0.570437 -13233.248243 -32109.125444 -24120.078869 
1496.809082 1492.359863 1400.343506 1468.158325 1423.748657 1443.689209 12 12 12 -0.996435 -0.555780 -13154.479883 -31098.080356 -22573.913138 
1495.076538 1488.352539 1350.534424 1451.489624 1385.194946 1416.564209 12 12 12 -0.996181 -0.542500 -12983.875518 -30030.893072 -21128.631736 
1493.560425 1484.909668 1300.676147 1434.410645 1346.410889 1390.029297 12 12 54 -0.997166 -0.530699 -12733.855453 -28917.003949 -19784.162420 
1486.844116 1469.889160 1253.460938 1416.987183 1307.444946 1363.989258 54 54 54 -0.944304 -0.520800 -12405.350228 -27743.413590 -18540.283976 
1479.828125 1454.414551 1206.436279 1399.192627 1268.196777 1338.633057 54 54 54 -0.940492 -0.507125 -12213.829297 -26939.211649 -17404.073666 
1472.534546 1438.520264 1159.594238 1381.071533 1228.707031 1313.890747 54 54 54 -0.936841 -0.494847 -11971.180508 -26087.848258 -16345.355781 
1464.987915 1422.247803 1112.922485 1362.663818 1189.015747 1289.688354 54 54 54 -0.933436 -0.484048 -11684.009366 -25193.538502 -15362.138711 
1457.215210 1405.645996 1066.404053 1344.005371 1149.162842 1265.947876 54 54 54 -0.930368 -0.474809 -11358.340182 -24260.496175 -14452.009193 
1449.246216 1388.770874 1020.017334 1325.128418 1109.188599 1242.587158 54 54 54 -0.927734 -0.467214 -10999.604502 -23292.914534 -13612.248687 
1441.113647 1371.686035 973.735962 1306.062134 1069.134155 1219.519409 54 54 54 -0.925628 -0.461355 -10612.646313 -22294.961208 -12839.895435 
1432.852905 1354.462402 927.528748 1286.833496 1029.042114 1196.652832 54 54 54 -0.924144 -0.457332 -10201.735693 -21270.754965 -12131.830848 
1424.502686 1337.177979 881.360352 1267.468018 988.957031 1173.889648 54 54 54 -0.923368 -0.455264 -9770.590005 -20224.367871 -11484.846986 
1416.104492 1319.917847 835.191528 1247.990845 948.926697 1151.125488 54 54 54 -0.923376 -0.455284 -9322.430328 -19159.814706 -10895.690030 
1407.703369 1302.773315 788.980225 1228.427612 909.003113 1128.247803 54 54 54 -0.924227 -0.457554 -8860.017484 -18081.056389 -10361.120503 
1399.347412 1285.841675 742.682312 1208.806152 869.244080 1105.134644 54 54 54 -0.925959 -0.462263 -8385.702631 -16991.977685 -9877.949410 
1391.088013 1269.225220 696.253052 1189.157715 829.715027 1081.652832 54 54 54 -0.928585 -0.469635 -7901.493377 -15896.366179 -9443.050818 
1382.979492 1253.030396 649.648560 1169.519165 790.491638 1057.655884 54 54 54 -0.932090 -0.479939 -7409.081930 -14797.876878 -9053.375974 
1375.078979 1237.366333 602.827454 1149.935181 751.663269 1032.981445 54 54 54 -0.936423 -0.493488 -6909.927667 -13700.005491 -8705.986600 
1367.445679 1222.343506 555.752502 1130.461304 713.337463 1007.449097 54 54 54 -0.941499 -0.510647 -6405.277788 -12606.009917 -8398.021697 
1360.140503 1208.072144 508.392578 1111.167969 675.646057 980.857300 54 54 54 -0.947199 -0.531837 -5896.222258 -11518.856822 -8126.716399 
1353.224854 1194.660034 460.724030 1092.145264 638.753540 952.981079 54 54 54 -0.953371 -0.557524 -5383.708272 -10441.139782 -7889.391063 
1345.975098 1180.699707 413.263000 1073.509644 602.868408 923.570740 54 54 24 -0.949220 -0.588207 -4868.565493 -9375.000726 -7683.458830 
1342.885864 1174.796143 363.708954 1055.379395 568.221802 892.411377 24 24 24 -0.991081 -0.623187 -4363.201269 -8338.018690 -7498.779975 
1340.136597 1169.561401 314.059784 1038.096191 535.313477 858.969910 24 24 24 -0.992983 -0.668830 -3812.674236 -7259.545588 -7377.165714 
1337.741333 1165.015381 264.324524 1021.917542 504.608063 822.977844 24 24 24 -0.994705 -0.719841 -3271.017776 -6208.058837 -7276.920551 
1335.711060 1161.172852 214.513748 1007.167664 476.693298 784.206604 24 24 24 -0.996215 -0.775424 -2737.448500 -5180.736155 -7195.602986 
1334.054199 1158.044800 164.639206 994.243591 452.292542 742.522400 24 24 24 -0.997491 -0.833684 -2210.987636 -4174.357841 -7131.123189 
1332.777344 1155.638794 114.713455 983.607727 432.251312 697.966492 24 24 24 -0.998515 -0.891118 -1690.460468 -3185.355431 -7081.715946 
1331.885010 1153.959839 64.749619 975.753540 417.473846 650.850281 24 24 24 -0.999277 -0.942324 -1174.555936 -2209.894300 -7045.985048 
1331.380249 1153.011230 14.761166 971.133606 408.790680 601.827209 24 24 24 -0.999769 -0.980461 -661.837608 -1243.922704 -7022.889065 
1331.265015 1152.794800 -35.238232 970.059448 406.773010 551.879456 24 24 24 -0.999988 -0.998955 -150.788038 -283.242182 -7011.755096 

1497.095215 1492.951782 1450.584595 1484.351807 1462.031128 1471.478149 24 24 24 -0.988309 -0.570437 -13233.248243 -32109.125444 -24120.078869 
1494.000610 1485.636719 1401.219482 1468.137207 1423.702637 1443.765015 24 24 24 -0.987302 -0.554262 -13211.953190 -31230.806644 -22581.183146 
1490.726196 1478.065308 1351.904663 1451.424561 1385.058105 1416.796753 24 24 24 -0.986297 -0.539366 -13098.999671 -30288.802214 -21137.191292 
1487.283691 1470.252075 1302.639038 1434.277100 1346.139526 1390.504028 24 24 24 -0.985313 -0.525855 -12905.575562 -29290.909979 -19788.462697 
1483.686646 1462.215698 1253.420410 1416.752930 1306.987793 1364.812744 24 24 24 -0.984374 -0.513827 -12642.365788 -28244.921680 -18534.303443 
1479.950562 1453.979248 1204.245239 1398.905640 1267.642944 1339.644165 24 24 24 -0.983505 -0.503373 -12319.434430 -27158.503554 -17373.127965 
1476.092773 1445.570312 1155.108643 1380.784790 1228.144775 1314.915039 24 24 24 -0.982733 -0.494581 -11946.144497 -26039.069873 -16302.568584 
1472.132690 1437.021118 1106.004395 1362.436157 1188.533081 1290.537964 24 24 24 -0.982085 -0.487542 -11531.092117 -24893.700549 -15319.614863 
1468.091553 1428.368286 1056.924927 1343.902466 1148.848511 1266.420776 24 24 24 -0.981590 -0.482345 -11082.085109 -23729.069102 -14420.725821 
1464.044800 1419.763794 1007.837402 1325.223999 1109.133301 1242.466309 24 24 27 -0.981751 -0.479089 -10606.125570 -22551.391394 -13601.972588 
1459.478027 1410.111694 958.990906 1306.440430 1069.432983 1218.569458 27 27 27 -0.976930 -0.477937 -10107.904369 -21363.667720 -12859.464594 
1454.896729 1400.480835 910.141541 1287.579590 1029.783569 1194.648926 27 27 27 -0.976987 -0.478411 -9607.934140 -20197.846173 -12185.385704 
1450.330322 1390.926636 861.275757 1268.678223 990.236816 1170.590820 27 27 27 -0.977316 -0.481162 -9096.073081 -19031.404944 -11577.686718 
1445.809082 1381.506714 812.379700 1249.773926 950.850220 1146.273560 27 27 27 -0.977921 -0.486345 -8576.308708 -17868.552845 -11032.028386 
1441.363770 1372.280029 763.439880 1230.906616 911.688843 1121.567017 27 27 27 -0.978797 -0.494130 -8052.034858 -16713.019515 -10544.073333 
1437.025269 1363.305664 714.443542 1212.119751 872.827454 1096.331177 27 27 27 -0.979926 -0.504716 -7526.097016 -15568.056983 -10109.584080 
1432.823853 1354.642090 665.379395 1193.462036 834.353516 1070.415039 27 27 27 -0.981283 -0.518323 -7000.843157 -14436.412060 -9724.405322 
1428.789062 1346.345703 616.237854 1174.989624 796.370850 1043.655273 27 27 27 -0.982831 -0.535196 -6478.175029 -13320.347767 -9384.542871 
1424.948730 1338.470093 567.011597 1156.768677 759.004272 1015.875122 27 27 27 -0.984526 -0.555603 -5959.592882 -12221.623832 -9086.161044 
1421.328979 1331.065063 517.695618 1138.878418 722.405762 986.883972 27 27 27 -0.986319 -0.579823 -5446.226182 -11141.497646 -8825.622641 
1417.953857 1324.176147 468.287628 1121.415283 686.761902 956.477478 27 27 27 -0.988160 -0.608130 -4938.868609 -10080.708649 -8599.481075 
1414.844849 1317.843628 418.787781 1104.497803 652.303589 924.439636 27 27 27 -0.989997 -0.640756 -4438.011888 -9039.515190 -8404.543983 
1412.020996 1312.103027 369.198761 1088.272095 619.317566 890.547852 27 27 27 -0.991781 -0.677835 -3943.865884 -8017.676230 -8237.831188 
1409.498779 1306.984375 319.525452 1072.919067 588.159607 854.583069 27 27 27 -0.993466 -0.719296 -3456.385198 -7014.481773 -8096.631483 
1407.292114 1302.512939 269.774719 1058.660522 559.267761 816.347534 27 27 27 -0.995015 -0.764710 -2975.300905 -6028.792203 -7978.508335 
1405.412354 1298.709229 219.955063 1045.764282 533.172058 775.694092 27 27 27 -0.996393 -0.813069 -2500.132026 -5059.057501 -7881.296566 
1403.868774 1295.589478 170.076370 1034.543823 510.494019 732.568604 27 27 27 -0.997574 -0.862510 -2030.221558 -4103.367790 -7803.130498 
1402.668579 1293.166138 120.149551 1025.347412 491.924957 687.064575 27 27 27 -0.998536 -0.910081 -1564.749588 -3159.495866 -7742.440596 
1401.994995 1291.807251 70.172562 1018.530579 478.171295 639.479187 27 27 87 -0.999540 -0.951707 -1102.767798 -2224.954559 -7697.969903 
1400.726685 1289.249268 20.254150 1014.412292 469.865601 590.346130 87 87 87 -0.998368 -0.982661 -642.916328 -1296.630125 -7670.337368 
1400.358765 1288.508057 -29.739002 1013.200256 467.423767 540.420532 87 87 87 -0.999863 -0.998513 -185.695190 -374.110884 -7649.013795 

1492.378662 1481.507690 1454.174805 1484.351807 1462.031128 1471.478149 87 87 87 -0.916504 -0.570437 -13233.248243 -32109.125444 -24120.078869 
1484.229004 1462.229980 1408.766113 1468.085205 1423.553345 1444.003540 87 87 87 -0.908175 -0.549493 -13422.335612 -31749.984117 -22670.688250 
1475.563354 1442.172974 1363.792480 1451.260864 1384.612915 1417.535034 87 87 87 -0.899472 -0.529371 -13534.921951 -31327.007696 -21293.570023 
1466.395264 1421.348633 1319.269531 1433.933228 1345.254761 1392.026489 87 87 87 -0.890459 -0.510170 -13578.300528 -30841.815631 -19988.956590 
1456.739624 1399.774902 1275.208862 1416.150391 1305.522095 1367.427979 87 87 87 -0.881213 -0.491971 -13559.473492 -30296.207174 -18756.451684 
1446.612183 1377.475830 1231.617676 1397.954224 1265.456909 1343.686035 87 87 87 -0.871823 -0.474839 -13485.063298 -29692.122953 -17595.056705 
1436.029663 1354.481934 1188.498169 1379.380493 1225.099609 1320.744629 87 87 87 -0.862390 -0.458828 -13361.262136 -29031.631709 -16503.262315 
1425.009399 1330.829834 1145.846924 1360.458984 1184.489502 1298.545532 87 87 87 -0.853026 -0.443981 -13193.748439 -28316.917463 -15479.131115 
1413.569336 1306.562500 1103.654297 1341.213623 1143.664917 1277.028931 87 87 87 -0.843853 -0.430332 -12987.670197 -27550.278870 -14520.381223 
1401.727905 1281.728760 1061.904297 1321.662842 1102.663208 1256.133301 87 87 87 -0.835001 -0.417911 -12747.622866 -26734.132204 -13624.433269 
1389.503784 1256.383423 1020.574097 1301.820068 1061.521240 1235.796143 87 87 87 -0.826604 -0.406744 -12477.628053 -25871.056962 -12788.534311 
1376.916260 1230.586914 979.633972 1281.694092 1020.275513 1215.953247 87 87 87 -0.818802 -0.396857 -12181.149221 -24963.805129 -12009.800659 
1363.985107 1204.405151 939.047058 1261.289673 978.962524 1196.539429 87 87 87 -0.811739 -0.388276 -11861.109986 -24015.339145 -11285.293210 
1350.730957 1177.909424 898.769226 1240.608032 937.618896 1177.487549 87 87 87 -0.805557 -0.381037 -11519.916507 -23028.868212 -10612.081640 
1337.175537 1151.176514 858.749146 1219.647339 896.281860 1158.728516 87 87 87 -0.800402 -0.375180 -11159.481446 -22007.859878 -9987.293826 
1323.342651 1124.288818 818.928284 1198.403687 854.989624 1140.190552 87 87 87 -0.796417 -0.370760 -10781.283018 -20956.078657 -9408.149643 
1309.442261 1097.686035 778.939880 1176.871826 813.781677 1121.798096 87 87 93 -0.799768 -0.367850 -10386.390512 -19877.577522 -8872.025621 
1294.733887 1069.997314 739.991211 1155.050781 772.703064 1103.457275 93 93 93 -0.778973 -0.366818 -9967.153681 -18763.370675 -8377.514854 
1279.812134 1042.408936 701.052490 1132.919922 731.785889 1085.126709 93 93 93 -0.778775 -0.366612 -9559.063484 -17673.513207 -7917.610576 
1264.713379 1015.025024 662.037781 1110.473877 691.076416 1066.717163 93 93 93 -0.780294 -0.368191 -9135.278213 -16568.255362 -7492.460970 
1249.481689 987.957764 622.854126 1087.710327 650.624756 1048.130005 93 93 93 -0.783673 -0.371743 -8695.656373 -15452.464250 -7100.256094 
1234.171143 961.329041 583.401611 1064.632080 610.486206 1029.254395 93 93 93 -0.789050 -0.377513 -8239.878349 -14331.128518 -6739.382363 
1218.848633 935.271912 543.573914 1041.249756 570.722900 1009.963318 93 93 93 -0.796554 -0.385822 -7767.517211 -13209.253000 -6408.438289 
1203.596680 909.932373 503.259064 1017.585022 531.406433 990.108948 93 93 93 -0.806297 -0.397087 -7278.065860 -12091.742299 -6106.194015 
1188.516968 885.471497 462.341248 993.674988 492.621826 969.516174 93 93 93 -0.818356 -0.411856 -6770.989423 -10983.258854 -5831.588573 
1173.733765 862.067383 420.703461 969.578613 454.473389 947.974121 93 93 93 -0.832756 -0.430841 -6245.801460 -9888.107231 -5583.718050 
1159.397461 839.916870 378.231995 945.385864 417.094208 925.225342 93 93 93 -0.849429 -0.454976 -5702.087443 -8810.056579 -5361.761846 
1145.686890 819.236755 334.822876 921.231445 380.661377 900.951660 93 93 93 -0.868182 -0.485474 -5139.600578 -7752.211556 -5164.981404 
1132.810669 800.263245 290.390808 897.315796 345.420776 874.757324 93 93 93 -0.888641 -0.523886 -4558.320012 -6716.844896 -4992.627812 
1121.005859 783.249512 244.880615 873.938538 311.728149 846.151245 93 93 93 -0.910204 -0.572122 -3958.518907 -5705.243264 -4843.930140 
1110.532227 768.459839 198.280518 851.551819 280.116180 814.536072 93 93 93 -0.932002 -0.632303 -3340.842852 -4717.556695 -4718.036674 
1101.661865 756.160156 150.635635 830.842590 251.400650 779.229614 93 93 93 -0.952898 -0.706129 -2706.384117 -3752.688317 -4614.024529 
1094.662964 746.603943 102.058960 812.844177 226.825943 739.579407 93 93 93 -0.971534 -0.793005 -2056.713756 -2808.198222 -4530.905624 
1089.778564 740.015259 52.736233 799.025818 208.186050 695.289368 93 93 93 -0.986455 -0.885801 -1393.927224 -1880.302067 -4467.763136 
1087.202881 736.569885 2.921623 791.166626 197.672974 647.043030 93 93 93 -0.996292 -0.964927 -720.637300 -963.977578 -4423.862407 
1087.003662 736.304504 -47.077278 790.712524 197.068115 597.048767 93 93 12 -0.999978 -0.999886 -39.955771 -53.219601 -4398.862600 

1498.452393 1496.244873 1450.165283 1484.351807 1462.031128 1471.478149 12 12 12 -0.996695 -0.570437 -13233.248243 -32109.125444 -24120.078869 
1496.809082 1492.359863 1400.343506 1468.158325 1423.748657 1443.689209 12 12 12 -0.996435 -0.555780 -13154.479883 -31098.080356 -22573.913138 
1495.076538 1488.352539 1350.534424 1451.489624 1385.194946 1416.564209 12 12 12 -0.996181 -0.542500 -12983.875518 -30030.893072 -21128.631736 
1493.262329 1484.232666 1300.737427 1434.410645 1346.410889 1390.029297 12 12 12 -0.995939 -0.530699 -12733.855453 -28917.003949 -19784.162420 
1491.375000 1480.012207 1250.951660 1416.982056 1307.436279 1364.005737 12 12 12 -0.995716 -0.520472 -12416.201264 -27765.568430 -18539.263501 
1489.424194 1475.705322 1201.175659 1399.260010 1268.310791 1338.410400 12 12 12 -0.995519 -0.511907 -12041.929875 -26585.323028 -17391.735280 
1487.420532 1471.328613 1151.407959 1381.296997 1229.073853 1313.155884 12 12 12 -0.995355 -0.505091 -11621.206214 -25384.445777 -16338.515785 
1485.375488 1466.900879 1101.646362 1363.142334 1189.765747 1288.150269 12 12 12 -0.995231 -0.500112 -11163.281072 -24170.489011 -15375.886807 
1483.301636 1462.442871 1051.888672 1344.842529 1150.428101 1263.297363 12 12 12 -0.995153 -0.497057 -10676.463078 -22950.294353 -14499.611463 
1481.212036 1457.977295 1002.132324 1326.441895 1111.104736 1238.496216 12 12 12 -0.995127 -0.496023 -10168.122630 -21729.981640 -13705.062172 
1479.120483 1453.528320 952.374573 1307.983643 1071.842896 1213.640747 12 12 12 -0.995155 -0.497110 -9644.705805 -20514.919438 -12987.371378 
1477.040894 1449.121216 902.612610 1289.510132 1032.693848 1188.619141 12 12 12 -0.995239 -0.500431 -9111.781767 -19309.726896 -12341.529628 
1474.987427 1444.781860 852.843628 1271.064087 993.714661 1163.313721 12 12 12 -0.995380 -0.506109 -8574.085073 -18118.305736 -11762.486866 
1472.973999 1440.536377 803.064880 1252.689453 954.969849 1137.599731 12 12 12 -0.995575 -0.514281 -8035.575767 -16943.853297 -11245.238470 
1471.014160 1436.410400 753.273987 1234.432617 916.533264 1111.344971 12 12 12 -0.995818 -0.525096 -7499.502581 -15788.892935 -10784.880450 
1469.120972 1432.428833 703.468750 1216.343750 878.490601 1084.408936 12 12 12 -0.996105 -0.538721 -6968.457950 -14655.327101 -10376.685596 
1467.306519 1428.615356 653.647400 1198.478516 840.942688 1056.642334 12 12 12 -0.996427 -0.555333 -6444.457232 -13544.475808 -10016.136517 
1465.582031 1424.992065 603.808716 1180.899902 804.009155 1027.886353 12 12 12 -0.996774 -0.575120 -5928.985459 -12457.103474 -9698.954276 
1464.157959 1422.000244 553.918640 1163.680908 767.833252 997.972961 12 12 42 -0.997802 -0.598268 -5423.061995 -11393.477115 -9421.131467 
1459.608398 1412.439209 505.052612 1146.912598 732.594360 966.715271 42 42 42 -0.977320 -0.625154 -4925.096545 -10350.152253 -9180.819952 
1455.352783 1403.511719 456.040466 1130.600830 698.375854 934.111267 42 42 42 -0.980243 -0.652080 -4475.059026 -9387.700510 -8944.780260 
1451.421875 1395.279419 406.879730 1114.865601 665.422302 899.957703 42 42 42 -0.983215 -0.683072 -4026.451851 -8432.428169 -8739.502917 
1447.844238 1387.798706 357.572144 1099.853516 634.032959 864.050232 42 42 42 -0.986152 -0.718149 -3579.788259 -7485.136588 -8562.528103 
1444.645386 1381.119873 308.123596 1085.743286 604.572693 826.195312 42 42 42 -0.988971 -0.757098 -3135.386067 -6546.243668 -8411.589409 
1441.847900 1375.287109 258.543823 1072.750122 577.481689 786.229614 42 42 42 -0.991595 -0.799314 -2693.380709 -5615.767077 -8284.600124 
1439.471436 1370.338135 208.846130 1061.128296 553.279480 744.049255 42 42 42 -0.993954 -0.843608 -2253.735272 -4693.349331 -8179.711144 
1437.532349 1366.304321 159.046844 1051.166748 532.557068 699.649353 42 42 42 -0.995986 -0.887998 -1816.261442 -3778.258846 -8095.303653 
1436.043823 1363.210815 109.164841 1043.175415 515.948364 653.170410 42 42 42 -0.997640 -0.929578 -1380.632657 -2869.438315 -8030.018527 
1435.016235 1361.076538 59.220982 1037.457275 504.072662 604.938965 42 42 42 -0.998877 -0.964628 -946.411655 -1965.542747 -7982.761566 
1434.456543 1359.914795 9.237610 1034.266602 497.449646 555.482361 42 42 42 -0.999667 -0.989132 -513.074696 -1064.998516 -7952.737940 
1434.369019 1359.733276 -40.761986 1033.762695 496.404144 505.495819 42 42 42 -0.999992 -0.999731 -80.028353 -166.060315 -7939.428214 

1495.381104 1488.792725 1451.491577 1484.351807 1462.031128 1471.478149 42 42 42 -0.970168 -0.570437 -13233.248243 -32109.125444 -24120.078869 
1490.446289 1477.127075 1403.122559 1468.114380 1423.646362 1443.856445 42 42 42 -0.967380 -0.552434 -13286.406744 -31408.596030 -22601.663133 
1485.207397 1465.013306 1354.895874 1451.353394 1384.890503 1417.078491 42 42 42 -0.964533 -0.535559 -13250.863552 -30639.564457 -21170.086969 
1479.678101 1452.466797 1306.812500 1434.129150 1345.806763 1391.082642 42 42 42 -0.961668 -0.519917 -13136.221509 -29807.481556 -19825.933736 
1473.874634 1439.509033 1258.870728 1416.496216 1306.436890 1365.802368 42 42 42 -0.958836 -0.505606 -12951.728935 -28917.999602 -18568.888525 
1467.815308 1426.167480 1211.066040 1398.504272 1266.821411 1341.166870 42 42 42 -0.956094 -0.492710 -12706.112590 -27976.855717 -17397.859417 
1462.218872 1413.993774 1162.894653 1380.197998 1227.000244 1317.101318 42 42 75 -0.963427 -0.481312 -12407.535435 -26989.820561 -16311.077902 
1452.661865 1393.421875 1118.336182 1361.628906 1187.029419 1293.489502 75 75 75 -0.891170 -0.472236 -12036.468906 -25909.005808 -15305.096472 
1442.782349 1372.373901 1074.071289 1342.773682 1146.859253 1270.449585 75 75 75 -0.885297 -0.460799 -11779.499659 -25095.731769 -14393.871105 
1432.606323 1350.904297 1030.076904 1323.657959 1106.528442 1247.910400 75 75 75 -0.879887 -0.450784 -11489.215996 -24240.295320 -13546.872693 
1422.161987 1329.074585 986.323303 1304.303467 1066.075684 1225.797729 75 75 75 -0.875072 -0.442254 -11169.692276 -23345.692446 -12761.460762 
1411.479492 1306.953491 942.774048 1284.728394 1025.540039 1204.033691 75 75 75 -0.870986 -0.435281 -10824.457484 -22415.017851 -12034.870636 
1400.591553 1284.616943 899.385864 1264.948364 984.961487 1182.536499 75 75 75 -0.867763 -0.429944 -10456.534144 -21451.476594 -11364.275464 
1389.533813 1262.148438 856.108948 1244.977173 944.381409 1161.219727 75 75 75 -0.865538 -0.426337 -10068.461880 -20458.400129 -10746.853589 
1378.345215 1239.638672 812.887085 1224.827637 903.843323 1139.990967 75 75 75 -0.864437 -0.424574 -9662.334995 -19439.254041 -10179.824585 
1367.068848 1217.186157 769.658264 1204.512573 863.393738 1118.751099 75 75 75 -0.864576 -0.424797 -9239.860360 -18397.656851 -9660.492513 
1355.752441 1194.897217 726.355347 1184.046387 823.083191 1097.392456 75 75 75 -0.866058 -0.427174 -8802.389649 -17337.346599 -9186.255375 
1344.449341 1172.886108 682.907104 1163.446289 782.967712 1075.796509 75 75 75 -0.868965 -0.431918 -8350.984940 -16262.198385 -8754.659399 
1333.219116 1151.275391 639.239502 1142.734253 743.110840 1053.831909 75 75 75 -0.873352 -0.439291 -7886.473790 -15176.153350 -8363.365729 
1322.128540 1130.195679 595.277649 1121.939453 703.586182 1031.351318 75 75 75 -0.879238 -0.449612 -7409.506057 -14083.197795 -8010.169672 
1311.252441 1109.785400 550.947815 1101.101318 664.481079 1008.187500 75 75 75 -0.886596 -0.463276 -6920.604102 -12987.288555 -7692.991747 
1300.673706 1090.190430 506.180328 1080.273560 625.901672 984.149292 75 75 75 -0.895350 -0.480764 -6420.236772 -11892.266982 -7409.869778 
1290.483765 1071.562500 460.912628 1059.529541 587.980225 959.016724 75 75 75 -0.905354 -0.502651 -5908.848597 -10801.761721 -7158.900042 
1280.781494 1054.057739 415.092865 1038.969238 550.885498 932.535522 75 75 75 -0.916395 -0.529624 -5386.919181 -9719.064601 -6938.250804 
1271.672485 1037.834229 368.683563 1018.729675 514.837708 904.412231 75 75 75 -0.928186 -0.562465 -4854.998195 -8647.019823 -6746.117884 
1263.373657 1023.236389 321.587585 998.998352 480.130096 874.311462 75 75 79 -0.941920 -0.602015 -4313.721373 -7587.879217 -6580.719470 
1255.525024 1009.590271 274.130432 980.038025 447.164551 841.849487 79 79 79 -0.949143 -0.649239 -3762.299636 -6541.365401 -6441.441988 
1248.616943 997.712646 226.055481 962.180176 416.459869 806.659729 79 79 79 -0.961499 -0.703795 -3207.908097 -5515.659775 -6321.344058 
1242.760986 987.743774 177.410538 945.898438 388.742676 768.362732 79 79 79 -0.972899 -0.765940 -2645.641300 -4503.799854 -6222.930696 
1238.058716 979.807007 128.268951 931.815552 364.972656 726.689514 79 79 79 -0.982832 -0.833465 -2076.510359 -3504.863646 -6144.676167 
1234.597168 974.004700 78.727539 920.699768 346.339874 681.642212 79 79 79 -0.990828 -0.900946 -1501.573520 -2517.001626 -6085.189758 
1232.444946 970.415405 28.902996 913.387207 334.144409 633.706848 79 79 79 -0.996491 -0.958707 -921.919008 -1537.517475 -6043.345866 
1231.648682 969.091614 -21.073132 910.590393 329.494568 584.002136 79 79 79 -0.999523 -0.994094 -338.647324 -563.013682 -6018.346770 

1492.807373 1482.547729 1453.700073 1484.351807 1462.031128 1471.478149 79 79 79 -0.925998 -0.570437 -13233.248243 -32109.125444 -24120.078869 
1485.114258 1464.352539 1407.768066 1468.088501 1423.566162 1443.983643 79 79 79 -0.918640 -0.549891 -13402.466660 -31698.713920 -22658.033490 
1476.932861 1445.420654 1362.219727 1451.271362 1384.651245 1417.473022 79 79 79 -0.910967 -0.530212 -13492.921921 -31222.781331 -21270.339753 
1468.276733 1425.764404 1317.067749 1433.955688 1345.330933 1391.898071 79 79 79 -0.903040 -0.511500 -13512.185566 -30683.438164 -19957.333121 
1459.160889 1405.401978 1272.321045 1416.190552 1305.648315 1367.206177 79 79 79 -0.894935 -0.493838 -13467.542364 -30082.980168 -18718.672129 
1449.601562 1384.358032 1227.984009 1398.018921 1265.645020 1343.341431 79 79 79 -0.886740 -0.477295 -13365.885151 -29423.877096 -17553.393343 
1439.616455 1362.663696 1184.056152 1379.477661 1225.361328 1320.244995 79 79 79 -0.878556 -0.461929 -13213.638677 -28708.729154 -16460.009859 
1429.224243 1340.356812 1140.531372 1360.598022 1184.836426 1297.855591 79 79 79 -0.870495 -0.447789 -13016.708476 -27940.254237 -15436.585323 
1418.444824 1317.481934 1097.397339 1341.405640 1144.108398 1276.109741 79 79 79 -0.862680 -0.434916 -12780.459466 -27121.276617 -14480.804252 
1407.299194 1294.089966 1054.635254 1321.921021 1103.214844 1254.942261 79 79 79 -0.855241 -0.423350 -12509.659306 -26254.727776 -13590.084305 
1395.809570 1270.238525 1012.219482 1302.159912 1062.192749 1234.285889 79 79 79 -0.848316 -0.413128 -12208.509224 -25343.673405 -12761.622067 
1384.350952 1246.713501 969.613464 1282.134033 1021.078979 1214.071411 79 79 91 -0.852120 -0.404289 -11880.619021 -24391.323467 -11992.507235 
1371.413696 1220.450317 929.081116 1261.857910 979.917664 1194.206177 91 91 91 -0.810647 -0.397304 -11512.470743 -23370.705975 -11279.120407 
1358.168701 1193.890381 888.842651 1241.314453 938.722290 1174.689331 91 91 91 -0.804770 -0.390338 -11180.095784 -22419.265821 -10621.442379 
1344.639038 1167.110840 848.845093 1220.503418 897.530640 1155.450073 91 91 91 -0.799951 -0.384785 -10828.635362 -21433.319317 -10010.784915 
1330.849609 1140.194702 809.028320 1199.422363 856.381592 1136.414673 91 91 91 -0.796335 -0.380707 -10459.453442 -20416.309873 -9444.495390 
1316.828247 1113.230835 769.325012 1178.067749 815.315552 1117.505371 91 91 91 -0.794066 -0.378187 -10073.539293 -19371.997120 -8920.065126 
1302.606567 1086.314697 729.660645 1156.435913 774.375061 1098.638916 91 91 91 -0.793288 -0.377328 -9671.537529 -18304.424650 -8435.144266 
1288.221191 1059.548828 689.953613 1134.524170 733.605469 1079.725464 91 91 91 -0.794140 -0.378269 -9253.807332 -17217.908985 -7987.563355 
1273.715576 1033.043823 650.115601 1112.332275 693.055847 1060.666260 91 91 91 -0.796761 -0.381184 -8820.450903 -16116.985181 -7575.327716 
1259.141968 1006.919373 610.051636 1089.864380 652.780273 1041.351196 91 91 91 -0.801279 -0.386302 -8371.379398 -15006.360058 -7196.651717 
1244.563232 981.305786 569.661011 1067.130981 612.839478 1021.655334 91 91 91 -0.807813 -0.393917 -7906.350226 -13890.818213 -6849.933905 
1230.055908 956.345215 528.838135 1044.152222 573.303345 1001.434814 91 91 91 -0.816458 -0.404410 -7425.024834 -12775.137586 -6533.757195 
1215.712524 932.193298 487.474457 1020.961731 534.254333 980.521301 91 91 91 -0.827273 -0.418270 -6927.016812 -11663.960703 -6246.869018 
1201.644531 909.020691 445.461121 997.612000 495.793030 958.714905 91 91 91 -0.840267 -0.436128 -6411.954394 -10561.676329 -5988.160123 
1187.984741 887.013977 402.692963 974.182251 458.046387 935.774963 91 91 91 -0.855363 -0.458798 -5879.537630 -9472.276025 -5756.627723 
1174.889282 866.376221 359.074249 950.789551 421.180603 911.409058 91 91 91 -0.872374 -0.487318 -5329.598673 -8399.195801 -5551.320540 
1162.538330 847.325989 314.526062 927.605591 385.421631 885.259521 91 91 91 -0.890964 -0.522991 -4762.174123 -7345.178789 -5371.323878 
1151.134155 830.094849 268.995514 904.882385 351.087921 856.889648 91 91 91 -0.910611 -0.567398 -4177.568124 -6312.105611 -5215.680905 
1140.897217 814.921936 222.466080 882.991943 318.642517 825.775269 91 91 91 -0.930589 -0.622287 -3576.397249 -5300.832499 -5083.371369 
1132.057861 802.046326 174.967834 862.485901 288.773163 791.317688 91 91 91 -0.949965 -0.689152 -2959.657113 -4311.077066 -4973.299650 
1126.265625 793.735535 126.004776 844.176941 262.503235 752.916199 66 66 66 -0.979261 -0.768029 -2328.731959 -3341.298884 -4884.320087 
1122.011597 787.693542 76.553818 829.326538 241.411423 710.083984 66 66 66 -0.989019 -0.856645 -1675.344399 -2379.469057 -4832.111859 
1119.390259 783.998047 26.759518 819.366821 227.370300 663.140930 66 66 66 -0.995886 -0.938861 -1017.307550 -1434.191384 -4794.867464 
1118.466064 782.700928 -23.215107 815.670471 222.182495 613.548340 66 66 66 -0.999493 -0.991852 -355.627906 -499.124354 -4771.360860 

1493.590332 1484.447510 1452.914551 1484.351807 1462.031128 1471.478149 66 66 66 -0.941709 -0.570437 -13233.248243 -32109.125444 -24120.078869 
1486.734009 1468.234741 1406.115723 1468.095215 1423.589966 1443.946289 66 66 66 -0.935978 -0.550637 -13366.591599 -31607.321127 -22637.418556 
1479.442993 1451.368896 1359.614258 1451.292969 1384.722290 1417.356934 66 66 66 -0.930028 -0.531786 -13417.459850 -31037.790585 -21232.924172 
1471.730957 1433.863037 1313.418335 1434.001831 1345.472290 1391.657593 66 66 66 -0.923920 -0.513986 -13394.003681 -30403.581596 -19907.059158 
1463.613403 1415.736450 1267.532227 1416.272461 1305.882690 1366.791382 66 66 66 -0.917722 -0.497325 -13304.049166 -29707.982454 -18659.567450 
1455.107666 1397.015137 1221.956299 1398.149902 1265.994629 1342.697510 66 66 66 -0.911519 -0.481876 -13155.008592 -28954.445091 -17489.502799 
1446.233032 1377.731934 1176.686035 1379.673462 1225.848145 1319.312134 66 66 66 -0.905406 -0.467707 -12953.790489 -28146.560931 -16395.378277 
1437.010620 1357.926758 1131.711548 1360.876953 1185.482178 1296.568359 66 66 66 -0.899489 -0.454877 -12706.758532 -27288.011636 -15375.194191 
1427.463745 1337.646729 1087.017334 1341.789307 1144.935181 1274.396362 66 66 66 -0.893885 -0.443440 -12419.688937 -26382.557420 -14426.567754 
1417.617676 1316.946533 1042.581421 1322.434937 1104.244873 1252.723633 66 66 66 -0.888719 -0.433454 -12097.738695 -25434.030106 -13546.820662 
1407.500000 1295.888184 998.375366 1302.834229 1063.449097 1231.474854 66 66 66 -0.884121 -0.424976 -11745.465487 -24446.313117 -12733.045557 
1397.140747 1274.541138 954.364136 1283.004150 1022.585815 1210.571289 66 66 66 -0.880225 -0.418072 -11366.825688 -23423.358923 -11982.198020 
1386.572754 1252.982300 910.505981 1262.959229 981.693787 1189.930420 66 66 66 -0.877163 -0.412816 -10965.204664 -22369.195111 -11291.166741 
1375.832153 1231.296387 866.752625 1242.711914 940.813110 1169.465332 66 66 66 -0.875068 -0.409301 -10543.455810 -21287.933791 -10656.840465 
1364.958618 1209.575317 823.049500 1222.273926 899.985840 1149.083496 66 66 66 -0.874062 -0.407637 -10103.936323 -20183.768166 -10076.163230 
1354.918823 1189.741577 778.263062 1201.656982 859.256714 1128.685425 57 57 57 -0.895729 -0.407961 -9648.576761 -19060.970277 -9546.143743 
1344.880127 1170.126343 733.380249 1180.897949 818.694214 1108.100342 57 57 57 -0.897657 -0.411703 -9146.724810 -17872.407898 -9070.099498 
1334.899414 1150.843994 688.340515 1160.017822 778.354614 1087.202026 57 57 57 -0.900795 -0.417965 -8633.832228 -16680.210761 -8641.326251 
1325.038940 1132.014771 643.083130 1139.043335 738.302307 1065.850586 57 57 57 -0.905148 -0.427028 -8111.163599 -15488.827342 -8256.918641 
1315.366577 1113.763672 597.549133 1118.009399 698.612732 1043.888916 57 57 57 -0.910680 -0.439233 -7579.779262 -14302.523039 -7914.092309 
1305.955444 1096.219238 551.683899 1096.962524 659.376465 1021.139343 57 57 57 -0.917305 -0.454991 -7040.613158 -13125.309300 -7610.178695 
1296.883545 1079.511597 505.439362 1075.964478 620.704834 997.399353 57 57 57 -0.924891 -0.474800 -6494.517875 -11960.846398 -7342.600333 
1288.232544 1063.770752 458.776917 1055.098389 582.737854 972.437012 57 57 57 -0.933249 -0.499247 -5942.292361 -10812.336878 -7108.848467 
1280.086670 1049.123413 411.669586 1034.475830 545.655823 945.986450 57 57 57 -0.942146 -0.529011 -5384.717412 -9682.415547 -6906.447664 
1272.530518 1035.690796 364.104187 1014.247009 509.695160 917.744141 57 57 57 -0.951308 -0.564846 -4822.565530 -8573.053892 -6732.987731 
1265.646973 1023.585632 316.082520 994.615051 475.171326 887.368347 57 57 57 -0.960434 -0.607516 -4256.590429 -7485.436489 -6586.064260 
1259.514893 1012.909851 267.621948 975.854675 442.509766 854.485718 57 57 57 -0.969211 -0.657653 -3687.505891 -6419.890563 -6463.344132 
1254.207031 1003.752502 218.755096 958.336121 412.285736 818.714111 57 57 57 -0.977337 -0.715432 -3115.962103 -5375.840952 -6362.570838 
1249.787964 996.188721 169.528473 942.551331 385.268250 779.715454 57 57 57 -0.984533 -0.779973 -2542.503967 -4351.781339 -6281.618427 
1246.312378 990.279419 120.000702 929.130676 362.449768 737.298462 57 57 57 -0.990556 -0.848340 -1967.539368 -3345.315091 -6218.565227 
1243.824341 986.071350 70.240257 918.824646 345.018707 691.582520 57 57 57 -0.995209 -0.914318 -1391.334238 -2353.231588 -6171.751655 
1242.356567 983.598083 20.323040 912.408752 334.207733 643.188721 57 57 57 -0.998344 -0.967876 -814.002311 -1371.621519 -6139.876841 
1241.929932 982.880798 -29.669994 910.490417 330.982300 593.329773 57 57 57 -0.999861 -0.997179 -235.543811 -396.043210 -6122.050072 

1494.204224 1485.937134 1452.369751 1484.351807 1462.031128 1471.478149 57 57 57 -0.952606 -0.570437 -13233.248243 -32109.125444 -24120.078869 
1485.769897 1465.995483 1407.301025 1468.101196 1423.609009 1443.916138 93 93 93 -0.901375 -0.551239 -13338.819636 -31537.626928 -22623.426541 
1476.804932 1445.253174 1362.698486 1451.291016 1384.715210 1417.370117 93 93 93 -0.892051 -0.530921 -13463.355073 -31150.343291 -21260.915801 
1467.323364 1423.722412 1318.579102 1433.975342 1345.394531 1391.795654 93 93 93 -0.882389 -0.511489 -13520.541758 -30702.545250 -19969.154121 
1457.340210 1401.421143 1274.955811 1416.201782 1305.690430 1367.144409 93 93 93 -0.872465 -0.493024 -13517.138926 -30195.693563 -18747.681890 
1446.871094 1378.373413 1231.837402 1398.011719 1265.644775 1343.364868 93 93 93 -0.862369 -0.475592 -13459.549401 -29631.365616 -17595.479448 
1435.932617 1354.609375 1189.227295 1379.440430 1225.298218 1320.402710 93 93 93 -0.852202 -0.459244 -13353.749184 -29011.273650 -16511.036796 
1424.541626 1330.165283 1147.123535 1360.516968 1184.690186 1298.201660 93 93 93 -0.842076 -0.444022 -13205.227618 -28337.212270 -15492.420163 
1412.715088 1305.083130 1105.517944 1341.264526 1143.859009 1276.703857 93 93 93 -0.832111 -0.429956 -13018.961325 -27611.099675 -14537.365706 
1400.470215 1279.410767 1064.396240 1321.700806 1102.842041 1255.850220 93 93 93 -0.822433 -0.417073 -12799.384805 -26834.981769 -13643.329827 
1387.824097 1253.201172 1023.737488 1301.838257 1061.676270 1235.580566 93 93 93 -0.813175 -0.405392 -12550.392849 -26011.059422 -12807.586867 
1374.793579 1226.512817 983.513916 1281.684326 1020.398071 1215.833862 93 93 93 -0.804471 -0.394934 -12275.328355 -25141.735510 -12027.311155 
1361.395752 1199.408813 943.690918 1261.242310 979.043701 1196.548096 93 93 93 -0.796460 -0.385716 -11977.014900 -24229.629391 -11299.588160 
1347.647583 1171.957275 904.226990 1240.511597 937.649536 1177.660034 93 93 93 -0.789278 -0.377761 -11657.767281 -23277.639385 -10621.534701 
1333.566772 1144.230835 865.073730 1219.488037 896.252380 1159.105103 93 93 93 -0.783065 -0.371099 -11319.435410 -22288.959128 -9990.314315 
1319.171753 1116.307007 826.175903 1198.165161 854.889709 1140.816772 93 93 93 -0.777957 -0.365767 -10963.423123 -21267.108047 -9403.177169 
1304.482666 1088.268066 787.471191 1176.534302 813.600098 1122.725952 93 93 93 -0.774094 -0.361817 -10590.749173 -20215.950445 -8857.520308 
1289.522339 1060.201660 748.890503 1154.585938 772.423645 1104.760132 93 93 93 -0.771613 -0.359316 -10202.067141 -19139.680832 -8350.895030 
1274.317261 1032.201050 710.357727 1132.310303 731.402405 1086.842163 93 93 93 -0.770655 -0.358359 -9797.728842 -18042.813251 -7881.030181 
1258.899170 1004.366150 671.789612 1109.698730 690.580872 1068.888916 93 93 93 -0.771362 -0.359065 -9377.812014 -16930.133054 -7445.851275 
1255.343750 998.081360 622.313782 1086.745117 650.006897 1050.808960 12 12 12 -0.989517 -0.361599 -8942.176408 -15806.642850 -7043.510587 
1251.992676 992.214172 572.772400 1063.841187 609.906128 1031.642822 12 12 12 -0.990827 -0.383324 -8159.073785 -14285.136697 -6827.594104 
1248.867676 986.791138 523.165710 1041.064331 570.379456 1011.176880 12 12 12 -0.992134 -0.409318 -7400.171575 -12842.139242 -6649.336584 
1245.986328 981.831482 473.495789 1018.511292 531.558472 989.170227 12 12 12 -0.993398 -0.440133 -6665.012894 -11472.622794 -6503.544471 
1243.362183 977.347839 423.766418 996.305725 493.617310 965.350464 12 12 12 -0.994588 -0.476395 -5952.752487 -10171.059603 -6385.476403 
1241.005005 973.346985 373.982513 974.607605 456.789032 939.410706 12 12 12 -0.995678 -0.518795 -5262.189103 -8931.526032 -6290.861032 
1238.921265 969.831116 324.149841 953.627136 421.388489 911.009644 12 12 12 -0.996654 -0.568022 -4591.815737 -7747.815992 -6215.904964 
1237.114868 966.798767 274.274567 933.643433 387.843292 879.778687 12 12 12 -0.997505 -0.624619 -3939.835151 -6613.515336 -6157.257575 
1235.587524 964.246277 224.363129 915.028442 356.733459 845.345276 12 12 12 -0.998229 -0.688668 -3304.217370 -5522.083127 -6112.030009 
1234.339722 962.168640 174.421906 898.273071 328.834747 807.385803 12 12 12 -0.998825 -0.759189 -2682.732099 -4466.921693 -6077.764796 
1233.371094 960.560547 124.457161 884.005188 305.148315 765.727905 12 12 12 -0.999295 -0.833158 -2072.981633 -3441.399884 -6052.467915 
1232.680786 959.417114 74.475006 872.972778 286.874603 720.513367 12 12 12 -0.999643 -0.904291 -1472.436208 -2438.891819 -6034.535463 
1232.268066 958.734497 24.481369 865.953491 275.266266 672.388794 12 12 12 -0.999873 -0.962492 -878.461785 -1452.779563 -6022.772893 
1232.132446 958.510376 -25.517944 863.567261 271.323395 622.601624 12 12 12 -0.999986 -0.995743 -288.357104 -476.464395 -6016.389920 
